0	0	1
1	0	1
0	0	1
1	0	1
2	0	1
3	0	1
4	0	1
5	0	1
6	0	1
7	0	1
8	0	1
9	0	1
10	0	1
11	0	1
12	0	1
0	0	1
1	0	1
2	0	1
3	0	1
4	0	1
5	0	1
6	0	1
7	0	1
8	0	1
0	12	21
1	13	22
2	14	24
0	0	1	0	0	1	0	0	1	0	0	1	0	0	1	0	0	1	0	
0	0	1	0	0	1	0	0	1	0	
1	0	1	0	0	1	0	0	1	0	
2	0	1	0	0	1	0	0	1	0	
3	0	1	0	0	1	0	0	1	0	
4	0	1	0	0	1	0	0	1	0	
0	10	0.997	3	10	0.997	3	10	0.997	3	
0	10	0.997	3	10	0.997	3	10	0.997	3	
1	100	1	10	10	0.997	3	10	0.997	3	
2	10	0.997	3	10	0.997	3	1	0	66	
0	10	0.997	3	10	0.997	3	10	0.997	3	10	0.997	3	10	0.997	3	10	0.997	3	
1	10	0.997	3	10	0.997	3	10	0.997	3	10	0.997	3	10	0.997	3	10	0.997	3	
2	10	0.997	3	10	0.997	3	10	0.997	3	10	0.997	3	10	0.997	3	10	0.997	3	
3	10	0.997	3	10	0.997	3	10	0.997	3	10	0.997	3	10	0.997	3	10	0.997	3	
4	10	0.997	3	10	0.997	3	10	0.997	3	10	0.997	3	10	0.997	3	10	0.997	3	
5	10	0.997	3	10	0.997	3	10	0.997	3	10	0.997	3	10	0.997	3	10	0.997	3	
0	10	0.997	3	10	0.997	3	10	0.997	3	10	0.997	3	10	0.997	3	10	0.997	3	
1	10	0.997	3	10	0.997	3	10	0.997	3	10	0.997	3	10	0.997	3	10	0.997	3	
2	10	0.997	3	10	0.997	3	10	0.997	3	10	0.997	3	10	0.997	3	10	0.997	3	
3	10	0.997	3	10	0.997	3	10	0.997	3	10	0.997	3	10	0.997	3	10	0.997	3	
4	10	0.997	3	10	0.997	3	10	0.997	3	10	0.997	3	10	0.997	3	10	0.997	3	
5	10	0.997	3	10	0.997	3	10	0.997	3	10	0.997	3	10	0.997	3	10	0.997	3	
0	0	0	0	0	0	0	0	0	0	0	0	0	0	0	0	0	0	0	
1	0	0	0	0	0	0	0	0	0	0	0	0	0	0	0	0	0	0	
0	11.85263	32.7885	8	
1	13.51717	11.33353	7	
2	3.644226	20.20773	2	
0	5.928833	18.08997	4	83.91016	28.48008	22	11.20502	25.21967	5	
1	0	0	0	0	0	0	0	0	0	
0	5.928833	18.08997	4	83.91016	28.48008	22	11.20502	25.21967	5	
1	3.907593	9.617692	4	0	0	0	0	0	0	
2	9.17627	15.75537	5	0	0	0	3.429443	12.96312	2	
0	0	0	0	0	0	0	
1	0	0	0	0	0	0	
2	0	0	0	0	0	0	
3	0	0	0	0	0	0	
0	0	0	0	0	0	0	
1	0	0	0	0	0	0	
2	0	0	0	0	0	0	
3	0	0	0	0	0	0	
4	0	0	0	0	0	0	
5	0	0	0	0	0	0	
6	0	0	0	0	0	0	
7	0	0	0	0	0	0	
8	0	0	0	0	0	0	
9	0	0	0	0	0	0	
10	0	0	0	0	0	0	
11	0	0	0	0	0	0	
12	0	0	0	0	0	0	
13	0	0	0	0	0	0	
14	0	0	0	0	0	0	
15	0	0	0	0	0	0	
16	0	0	0	0	0	0	
0	7.63174	4.501631	6	123.8971	10	5.275959	6.129171	8	133.9937	10	
1	5.557701	0.7219889	11	155.0735	10	7.387497	0.6608614	2	28.63251	10	
2	25.15874	1.21497	9	63.80896	10	7.457581	2.935876	2	114.4332	10	
