user	condition	trial	RTech	ViewCtrl	Release	T0	T1	TT	D0	D1	A0	A1	C0	C1	CC	HD0	HD1	HA0	HA1	TE0	TE1	RE0	RE1	NOA	
1	1	1	0	0	0	0	3.984123	5.722221	9.706345	0.9630264	0.04310737	40.80079	2.038664	1	0	1	1.004686	0.4165467	130.7797	101.5401	0.8002927	0.6891402	0.7391942	0.4126937	1	
1	1	2	0	0	0	0	0.7157669	13.95556	14.67133	0.9109861	0.02394142	98.61555	3.158343	0	1	1	0.4895974	0.9582817	69.51263	362.1075	0.9957619	0.198679	0.9654511	0.269649	1	
1	1	3	0	0	0	0	0.815506	10.42223	11.23773	0.9140261	0.01649049	144.4021	2.883416	0	1	1	0.4897933	0.7514318	98.74001	386.8295	0.9754577	0.2096927	0.9112716	0.3792141	1	
1	2	1	0	0	0	1	3.347748	6.977768	10.32552	0.9914394	0.02584121	55.60435	1.251151	1	2	3	0.8250949	0.3873657	151.6415	116.6586	0.6994327	0.5772027	0.5639564	0.4574427	1	
1	2	2	0	0	0	1	1.961548	9.400009	11.36156	0.9930561	0.02518076	106.8684	2.300581	1	3	4	0.6226576	0.6401699	88.17911	243.9694	0.9336022	0.3200841	0.7249653	0.4429771	1	
1	2	3	0	0	0	1	0.5936279	11.24445	11.83807	0.9527059	0.01559305	138.421	1.446693	0	4	4	0.5094795	0.845675	81.86357	451.0271	0.9925406	0.1967872	0.9257079	0.3060996	1	
1	3	1	0	0	1	0	1.502472	13.6778	15.18027	0.9998912	0.0259437	81.05798	1.580125	0	2	2	0.7170429	1.032864	97.36933	363.1868	0.8968322	0.1915077	0.6464754	0.2266359	1	
1	3	2	0	0	1	0	1.83609	12.83334	14.66943	0.9819363	0.02424349	117.9127	2.137256	0	2	2	0.6791016	0.9354692	144.6205	419.6634	0.8117162	0.279599	0.4626538	0.2773853	1	
1	3	3	0	0	1	0	4.714752	11.57776	16.29251	0.960208	0.03917948	49.05753	2.838821	1	1	2	0.9251548	0.7501373	361.581	174.8665	0.830644	0.1932814	0.4250365	0.273739	1	
1	4	1	0	0	1	1	1.534637	14.89999	16.43463	0.986012	0.01570059	91.25938	2.544526	0	4	4	0.6678813	1.053089	103.6922	450.6566	0.909513	0.277698	0.6550633	0.2021529	1	
1	4	2	0	0	1	1	0.8256226	12.74442	13.57004	0.8794116	0.009931911	103.5682	2.808048	0	2	2	0.5373766	0.8658983	69.39011	294.3617	0.9881013	0.0981527	0.8903628	0.3457782	1	
1	4	3	0	0	1	1	0.7108154	16.19998	16.9108	0.9051369	0.005815441	126.0664	0.296075	0	5	5	0.5536584	1.288895	81.84566	600.4992	1.003133	0.08702222	0.9616808	0.2096262	1	
1	5	1	0	1	0	0	1.095337	17.35556	18.4509	0.9900227	0.03755701	122.7874	2.184706	0	3	3	0.5883509	1.399949	82.75101	443.0619	0.8817025	0.1468212	0.3886152	0.1678689	1	
1	5	2	0	1	0	0	0.5969238	17.46667	18.0636	0.9505685	0.005590491	107.1244	1.06825	0	2	2	0.4475965	1.211014	60.46374	468.579	0.9912242	0.15371	0.9341313	0.1677922	1	
1	5	3	0	1	0	0	0.8889771	18.83331	19.72229	0.9961972	0.01736368	124.7404	2.169245	0	2	2	0.6405505	1.243733	89.19539	450.1119	0.9682309	0.2039548	0.9502181	0.2082968	1	
1	6	1	0	1	0	1	3.210571	11.96667	15.17725	1.15218	0.01697181	29.10239	3.321901	1	1	2	0.7925305	0.764114	214.992	215.3636	0.90084	0.3770226	0.3743352	0.1300468	1	
1	6	2	0	1	0	1	3.688782	8.699982	12.38876	0.9689296	0.02110878	96.75933	2.362686	1	3	4	0.9957352	0.5075927	270.7259	227.7898	0.7672045	0.3963992	0.2629701	0.3100164	1	
1	6	3	0	1	0	1	0.776825	12.07776	12.85458	0.9658881	0.01434006	130.8801	2.516066	0	3	3	0.5591751	0.7685717	78.96998	383.3724	0.9814573	0.2921163	0.9726858	0.2377264	1	
1	7	1	0	1	1	0	3.142426	15.28888	18.4313	0.9951236	0.00576369	69.4334	1.323504	1	1	2	0.7024539	0.98462	119.0165	153.1141	0.8620923	0.2886451	0.5879559	0.4835101	1	
1	7	2	0	1	1	0	1.311005	17.33334	18.64435	0.9769439	0.004045616	115.3553	1.393786	0	2	2	0.6576341	0.9668476	97.70099	374.9378	0.8676662	0.1998402	0.6887571	0.216611	1	
1	7	3	0	1	1	0	0.7690125	12.6778	13.44681	0.9618413	0.00949692	135.2123	1.729133	0	1	1	0.5247035	0.7219095	76.47573	269.9842	0.9918864	0.1723731	0.985498	0.3551798	1	
1	8	1	0	1	1	1	3.786087	14.88889	18.67497	1.2207	0.003527419	29.15495	1.2499	1	3	4	0.913487	0.7699085	310.0062	217.7764	0.7531615	0.3923257	0.290288	0.1206424	1	
1	8	2	0	1	1	1	1.622498	11	12.6225	0.9915435	0.0100404	98.49778	0.5747108	1	1	2	0.5832674	0.8044766	79.16937	202.9507	0.9524106	0.1997685	0.7183403	0.4306765	1	
1	8	3	0	1	1	1	0.6996613	13.16667	13.86633	0.8874764	0.007925922	128.3102	0.3690349	0	2	2	0.4954891	0.9041929	71.32982	352.1569	0.9932141	0.1120443	1.028783	0.2402505	1	
2	1	1	0	0	0	0	8.496216	26.8222	35.31842	1.771514	0.00697692	29.60288	3.710393	1	5	6	1.405001	1.207213	413.4011	312.5833	0.4162859	0.6445031	0.3146609	0.1010598	1	
2	1	2	0	0	0	0	8.116272	49.14447	57.26074	2.247186	0.09007826	29.2218	4.752552	3	6	9	0.850127	1.866343	278.3745	344.5364	0.8940685	0.5242469	0.465285	0.08345869	1	
2	1	3	0	0	0	0	2.211609	48.35559	50.5672	0.9838594	0.02908672	83.55048	3.93086	0	8	8	1.030826	1.634144	218.5951	522.5557	0.7488273	0.2251871	0.5315831	0.1574853	1	
2	2	1	0	0	0	1	6.44165	26.08887	32.53052	0.986747	0.04380615	79.66691	2.673825	1	3	4	1.102364	0.8203975	270.9094	276.7118	0.7338579	0.3563416	0.383351	0.285689	1	
2	2	2	0	0	0	1	3.236694	50.56665	53.80334	0.9918152	0.01719268	143.7888	4.69037	0	7	7	0.7905353	1.716445	262.3031	465.7661	0.9438334	0.190001	0.3705938	0.320125	1	
2	2	3	0	0	0	1	8.496826	18.80002	27.29684	3.147298	0.03660598	29.81907	4.354355	1	4	5	3.068992	1.083594	721.2773	264.6641	0.08940502	0.691303	0.1650398	0.09931835	1	
2	3	1	0	0	1	0	5.816803	32.34445	38.16125	5.012008	0.01086437	29.67189	2.605624	1	7	8	0.7842036	1.360032	266.4977	334.4577	0.6804498	0.7379473	0.4051882	0.09016184	1	
2	3	2	0	0	1	0	2.979797	35.84445	38.82425	0.9879398	0.00533536	120.4433	1.246137	0	5	5	2.026956	1.62268	349.1482	610.5142	0.1401751	0.1078469	0.1918065	0.1993276	1	
2	3	3	0	0	1	0	7.632843	32.46664	40.09949	0.9580132	0.0105867	125.6964	2.351062	1	6	7	0.9297017	1.795759	193.9436	890.8328	0.804757	0.1310422	0.5917165	0.1405508	1	
2	4	1	0	0	1	1	2.667664	31.22223	33.88989	0.998605	0.005681337	60.42431	2.199346	0	4	4	0.8784207	2.031177	195.7396	863.8612	0.7891105	0.05724318	0.4758981	0.06800328	1	
2	4	2	0	0	1	1	1.396484	30.59998	31.99646	0.9806252	0.02475463	105.235	1.7091	0	4	4	0.6238433	1.38659	132.6685	688.8418	0.875251	0.1342617	0.4496855	0.1503783	1	
2	4	3	0	0	1	1	4.62439	31.10004	35.72443	2.475328	0.01696401	29.86891	3.443621	1	4	5	1.302452	1.880099	456.2637	507.5334	0.7183554	0.2414022	0.3104143	0.05057137	2	
2	5	1	0	1	0	0	4.418518	24.48889	28.90741	0.9924025	0.01674254	59.76463	2.65797	0	4	4	1.16302	0.9354763	434.7792	300.678	0.6936696	0.3206894	0.2046924	0.1834648	1	
2	5	2	0	1	0	0	1.092957	33.53339	34.62634	0.9943038	0.01712802	105.0952	2.335697	0	7	7	0.5755228	1.288093	104.7156	518.077	0.8963057	0.1873486	0.5649759	0.1592975	1	
2	5	3	0	1	0	0	1.964783	41.6778	43.64258	1.239681	0.02081345	29.0102	1.716412	0	6	6	0.7547628	1.371416	214.4263	377.1378	0.8737679	0.4930976	0.4253391	0.07794864	1	
2	6	1	0	1	0	1	0.7591553	23.74438	24.50354	0.9647227	0.04058281	95.10172	1.626502	0	2	2	0.5265431	0.8603234	93.17016	358.9942	0.9551386	0.3053152	0.8146119	0.2134545	1	
2	6	2	0	1	0	1	1.654907	32.27783	33.93274	0.9997978	0.02414506	77.55719	2.614022	0	4	4	0.6865507	1.960597	212.0426	626.9908	0.8833419	0.1682166	0.5746121	0.1231109	1	
2	6	3	0	1	0	1	0.8112793	21.68896	22.50024	0.8122203	0.1832948	140.9044	4.941376	0	4	4	0.6149901	1.581184	103.2604	539.3271	0.8953797	0.06072435	0.9134417	0.2039612	1	
2	7	1	0	1	1	0	3.173523	37.14447	40.31799	0.9859909	0.006515224	175.2545	0.5293398	0	3	3	0.970978	1.375151	317.6695	520.7015	0.7374902	0.1524855	0.2819	0.2643144	1	
2	7	2	0	1	1	0	0.8918457	21.41101	22.30286	0.9838609	0.03423484	83.94999	1.43201	0	3	3	0.5085267	0.8628926	92.69986	456.0558	0.9467037	0.2556584	0.6952914	0.1295742	1	
2	7	3	0	1	1	0	6.36145	24.75549	31.11694	2.471961	0.008823867	29.63444	0.9362739	1	6	7	1.569024	1.147925	543.3804	299.335	0.6222332	0.6671761	0.1572414	0.08740234	1	
2	8	1	0	1	1	1	1.295044	23.65558	24.95062	0.9458662	0.03895552	90.804	1.023345	0	2	2	0.6251463	1.104128	107.5405	451.0872	0.9432411	0.1659171	0.7640736	0.1576729	1	
2	8	2	0	1	1	1	1.717346	20.61115	22.32849	0.9766037	0.01348798	109.2922	2.724862	0	2	2	0.6727015	0.8633106	185.1028	407.5779	0.9215724	0.2016124	0.4855799	0.1815233	1	
2	8	3	0	1	1	1	1.609985	22.8222	24.43219	2.233652	0.009827468	29.51053	0.6749239	0	2	2	0.7636983	1.232732	221.2759	424.0209	0.9109176	0.3836761	0.4806674	0.03841782	1	
3	1	1	0	0	0	0	4.78418	20.52222	25.3064	0.9946392	0.1264633	40.33874	6.497435	1	2	3	0.8605226	0.8321753	149.8581	201.2168	0.9370129	0.7940546	0.7592409	0.1836809	1	
3	1	2	0	0	0	0	5.82373	34.16675	39.99048	0.9925897	0.429705	156.7767	16.13583	1	7	8	1.035788	1.343947	215.7858	437.6528	0.9233809	0.5268006	0.7351379	0.3961907	1	
3	1	3	0	0	0	0	1.105225	33.18896	34.29419	0.9421211	0.1017695	103.085	8.758628	0	4	4	0.5767064	1.44601	91.99476	569.6491	0.9707248	0.2036469	0.7997492	0.1680153	1	
3	2	1	0	0	0	1	6.878174	16.85547	23.73364	0.9979504	0.07837024	43.33796	3.746297	1	1	2	1.360505	0.8611794	269.9182	195.099	0.9124361	0.7620247	0.4232152	0.2162524	1	
3	2	2	0	0	0	1	4.026367	26.77783	30.8042	0.9740157	0.2284244	155.8327	19.47287	1	5	6	0.9405336	1.657461	154.373	639.5388	0.9348993	0.238676	0.6494122	0.2644165	1	
3	2	3	0	0	0	1	1.622559	17.07764	18.7002	0.9888749	0.0817894	85.62956	8.033567	0	2	2	0.7726808	0.8280649	122.9165	280.5056	0.9108472	0.5124814	0.8353168	0.2856074	1	
3	3	1	0	0	1	0	5.997803	16.1001	22.0979	0.9979807	0.02544241	89.27676	4.071149	1	1	2	1.076118	0.6923323	170.6151	192.4149	0.9458931	0.6812049	0.6876698	0.4581008	1	
3	3	2	0	0	1	0	6.377441	43.65552	50.03296	0.9968545	0.08194549	147.4604	19.4675	1	4	5	1.21348	1.418887	219.9086	452.369	0.8984203	0.3306872	0.564017	0.3657904	1	
3	3	3	0	0	1	0	3.033203	22.93335	25.96655	0.9898642	0.008790886	44.06484	1.986156	0	2	2	0.9016843	1.051669	162.8038	270.8279	0.9753851	0.4474254	0.8650793	0.1563503	1	
3	4	1	0	0	1	1	2.907715	25.4668	28.37451	0.9923999	0.02325514	44.04942	2.954215	0	2	2	0.9960019	1.042821	171.8703	332.9521	0.8941009	0.4517694	0.609131	0.1298067	1	
3	4	2	0	0	1	1	3.9104	23.59985	27.51025	0.9800553	0.0163815	150.0655	3.394165	1	4	5	0.8197319	1.528099	184.0755	784.6263	0.9454755	0.3050439	0.7573385	0.1887295	1	
3	4	3	0	0	1	1	6.006592	13.15552	19.16211	0.9956359	0.01022184	31.51256	2.270098	0	1	1	1.391645	0.4584577	288.2299	176.5581	0.7930315	0.4828671	0.4162917	0.1789052	1	
3	5	1	0	1	0	0	7.597412	18.04443	25.64185	1.42128	0.2409648	29.89133	6.180444	1	2	3	1.298921	0.925952	248.2841	233.5986	0.8412151	0.7588761	0.3664005	0.2605795	1	
3	5	2	0	1	0	0	2.434814	44.28882	46.72363	0.9995807	0.1237671	105.7969	22.55153	0	8	8	0.8147053	2.054733	150.1366	650.0507	0.9382751	0.2198203	0.6987631	0.2252633	1	
3	5	3	0	1	0	0	1.10791	24.84448	25.95239	0.9940978	0.1721254	98.87407	7.568994	0	3	3	0.6139361	0.9025382	99.66577	293.6638	0.9650588	0.5718452	0.7997071	0.4320755	1	
3	6	1	0	1	0	1	5.220215	20.19995	25.42017	1.43547	0.04082381	29.66455	3.954884	1	3	4	1.236256	1.150947	269.9524	348.7044	0.7877334	0.7102078	0.2939667	0.1158405	1	
3	6	2	0	1	0	1	1.574951	16.23315	17.80811	0.9830523	0.175677	115.7324	1.17967	0	2	2	0.6147129	0.8584451	125.3859	297.0444	0.964577	0.365988	0.6047276	0.4294436	1	
3	6	3	0	1	0	1	3.176758	21.5332	24.70996	0.987434	0.1191125	124.0104	2.723425	0	4	4	0.9407018	1.019548	275.331	472.3795	0.8836816	0.3978397	0.3243065	0.2579139	1	
3	7	1	0	1	1	0	1.067627	28.35547	29.4231	3.031467	0.01371629	29.76535	1.828148	0	2	2	0.4969341	1.229843	71.56376	338.4644	0.9938883	0.7735389	0.8796407	0.1532276	1	
3	7	2	0	1	1	0	1.555664	29.44434	31	0.9883688	0.04471608	175.9439	8.290397	0	4	4	0.6144815	1.395154	124.1486	460.064	0.9758096	0.1652105	0.7480547	0.3424097	1	
3	7	3	0	1	1	0	1.679199	25.12231	26.80151	0.9934784	0.03030055	64.76069	1.536426	0	1	1	0.7073137	0.6343471	146.1695	219.0569	0.9352334	0.3506321	0.717675	0.2791553	1	
3	8	1	0	1	1	1	4.093262	23.69995	27.79321	0.9980258	0.02035904	79.86211	1.724147	1	3	4	1.002254	0.9304348	202.8408	328.7679	0.9245077	0.4928581	0.5539366	0.3030587	1	
3	8	2	0	1	1	1	5.682373	35.85547	41.53784	0.9772552	0.02648479	122.5799	5.12936	1	3	4	1.15394	1.519856	284.6627	462.9773	0.8242963	0.3502622	0.3942861	0.3430803	1	
3	8	3	0	1	1	1	2.005859	17.37769	19.38354	0.9952656	0.03887537	53.34514	1.694844	0	2	2	0.8252058	0.8411558	165.6292	271.4641	0.9182282	0.4175674	0.7822723	0.2095268	1	
4	1	1	0	0	0	0	3.147461	90.2998	93.44727	0.8591307	0.04817877	56.19751	2.859974	1	10	11	0.693205	2.92924	112.4829	980.5941	0.8709221	0.08248121	0.7959386	0.06029011	1	
4	1	2	0	0	0	0	3.984375	168.6333	172.6177	0.9478258	0.02421408	108.5032	3.361256	1	19	20	0.9281649	6.633474	135.8172	1746.611	0.6504806	0.07135583	0.5322787	0.06276053	1	
4	1	3	0	0	0	0	1.567383	28.78906	30.35645	0.9785444	0.02110942	95.32665	5.178579	0	5	5	0.6573838	1.432645	121.9588	545.9341	0.8307375	0.2288755	0.9043792	0.1753644	1	
4	2	1	0	0	0	1	2.206055	25.93311	28.13916	0.9215307	0.04118625	65.27724	2.530026	1	6	7	0.7111932	2.562276	121.1203	758.4285	0.8409262	0.06269974	0.6098178	0.08383065	1	
4	2	2	0	0	0	1	1.394043	19.61133	21.00537	0.9708384	0.04101698	111.6137	5.909319	0	3	3	0.6429282	1.461064	104.2471	577.426	0.8156458	0.201495	0.4729583	0.1931242	1	
4	2	3	0	0	0	1	2.241211	25.52246	27.76367	0.9676194	0.05029416	104.2022	4.191663	1	8	9	0.887113	3.57847	147.618	1122.098	0.6772074	0.04893835	0.61155	0.09455498	1	
4	3	1	0	0	1	0	3.98877	27.14453	31.1333	0.9999186	0.01616618	61.93906	2.64853	1	4	5	0.9038921	0.9131985	161.7916	240.2036	0.7552047	0.5400326	0.4890443	0.2653032	1	
4	3	2	0	0	1	0	4.684082	39.47754	44.16162	0.9729023	0.01523187	101.2186	1.389287	1	3	4	0.9506589	1.153464	159.9783	337.7588	0.6468902	0.5007398	0.4546983	0.3041857	1	
4	3	3	0	0	1	0	4.265137	38.11133	42.37646	0.9961339	0.03708278	111.346	1.315198	1	5	6	0.8833728	1.636606	146.3949	604.7366	0.8009258	0.2215478	0.6582705	0.1844264	1	
4	4	1	0	0	1	1	5.482422	36.51074	41.99316	0.9983553	0.05210397	46.22021	3.189173	1	6	7	1.255992	1.487251	223.4382	503.4379	0.60139	0.2623591	0.404141	0.09680539	1	
4	4	2	0	0	1	1	2.814453	39.03369	41.84814	0.9090203	0.01464016	117.6541	0.9462523	1	8	9	0.7543275	1.464938	125.9525	567.4468	0.7935448	0.1687179	0.5476173	0.2056331	1	
4	4	3	0	0	1	1	4.130859	32.17773	36.30859	0.9371572	0.02179361	101.0161	1.13089	1	9	10	0.8134353	1.315859	157.1964	446.723	0.8309318	0.2123715	0.6582986	0.2243976	1	
4	5	1	0	1	0	0	4.101074	41.64453	45.74561	0.9311277	0.1591305	45.80679	4.150938	1	6	7	0.7185753	1.582451	105.7887	615.5396	0.8795589	0.26243	0.7549494	0.07992518	1	
4	5	2	0	1	0	0	5.687988	38.98877	44.67676	0.9348283	0.07436961	101.3261	0.9970018	1	7	8	0.7506524	1.508984	115.971	669.8539	0.8545308	0.2911718	0.7734221	0.1465045	1	
4	5	3	0	1	0	0	5.353516	69.5332	74.88672	0.8661196	0.6268492	136.1771	8.141948	1	17	18	1.306006	3.568773	207.6968	1450.362	0.5083563	0.1084108	0.1950971	0.06971359	1	
4	6	1	0	1	0	1	2.75293	25.03369	27.78662	4.8655	0.05862362	29.48021	4.016557	1	2	3	0.7575158	2.424332	126.9334	864.855	0.8016821	0.4037091	0.6362885	0.02723984	1	
4	6	2	0	1	0	1	1.708008	41.57813	43.28613	0.9926354	0.02793625	113.9618	1.946751	0	6	6	0.8274408	3.7077	129.87	1375.033	0.5964609	0.03866496	0.6649297	0.06525374	1	
4	6	3	0	1	0	1	3.544434	32.59961	36.14404	0.9291237	0.03575031	115.4394	2.099196	1	7	8	1.177711	2.699494	198.277	991.6483	0.5296669	0.06408793	0.2083981	0.08802238	1	
4	7	1	0	1	1	0	2.859375	27.44434	30.30371	0.9999455	0.02493135	151.4815	0.4829489	0	5	5	1.025619	0.8965058	209.7845	344.0596	0.6358281	0.4260848	0.4067592	0.3652812	1	
4	7	2	0	1	1	0	3.223633	43.06689	46.29053	0.9033095	0.01369236	108.6461	1.592952	1	6	7	0.7469985	1.816617	99.52506	545.8542	0.7975678	0.1286513	0.5198829	0.1813051	1	
4	7	3	0	1	1	0	1.275391	41.37793	42.65332	0.8560659	0.01215104	120.8497	1.900362	0	6	6	0.6451238	2.073299	121.2047	752.4671	0.8481113	0.1304206	0.424883	0.1185434	1	
4	8	1	0	1	1	1	2.584473	17.1001	19.68457	0.9871646	0.02924753	81.99876	1.738163	1	2	3	0.7630027	1.027276	116.8649	419.2861	0.8139365	0.2172872	0.6691717	0.1458282	1	
4	8	2	0	1	1	1	5.231934	27.42236	32.6543	0.9607334	0.02823004	170.472	3.081824	1	6	7	1.912609	1.354253	332.523	721.0157	0.3886451	0.2287791	0.1395885	0.163583	1	
4	8	3	0	1	1	1	1.642578	35.7334	37.37598	0.9941829	0.01551868	129.643	0.9099901	0	6	6	0.6967461	2.197985	134.2247	808.2024	0.863024	0.1690597	0.4949335	0.1386549	1	
5	1	1	0	0	0	0	11.97559	10.3667	22.34229	1.543443	0.06040405	29.30562	2.54114	5	1	6	1.250007	0.7070034	321.7691	314.938	0.8944604	0.6856344	0.4754839	0.09090447	1	
5	1	2	0	0	0	0	6.512695	25.1665	31.6792	0.9965606	0.2156718	98.95485	2.078963	3	3	6	0.9993928	1.860298	199.0133	686.8787	0.8354942	0.1640471	0.5123037	0.1438662	1	
5	1	3	0	0	0	0	7.189453	21.32227	28.51172	0.9927418	0.1105142	103.0315	1.835838	3	5	8	0.9983521	1.541548	262.1441	743.2183	0.8732618	0.2055193	0.6859062	0.1382187	1	
5	2	1	0	0	0	1	2.529297	11.88916	14.41846	0.9884868	0.7447868	69.43024	6.692531	3	3	6	0.6855904	1.365754	144.2524	445.8608	0.8222265	0.2069993	0.599105	0.1543266	1	
5	2	2	0	0	0	1	3.197754	13.44434	16.64209	0.9904252	0.155115	34.25791	3.773986	3	3	6	0.7299243	0.8274072	232.9657	273.9602	0.9122343	0.4998212	0.5110325	0.1301132	1	
5	2	3	0	0	0	1	5.294434	12.76709	18.06152	1.090932	0.05428614	29.02316	2.115538	3	3	6	1.249036	1.4767	534.3194	516.7741	0.7666234	0.1511094	0.2480914	0.05438989	1	
5	3	1	0	0	1	0	11.29785	15.6001	26.89795	1.483536	0.09846852	29.50731	8.088665	4	2	6	1.41128	0.989862	363.9202	293.9711	0.8536713	0.4180847	0.4139018	0.1232509	1	
5	3	2	0	0	1	0	6.155762	36.3335	42.48926	0.9810523	0.1812521	147.3622	1.328815	2	6	8	0.9110204	3.583537	200.841	1044.115	0.7757089	0.05444414	0.7227083	0.1407116	1	
5	3	3	0	0	1	0	6.741699	22.2334	28.9751	0.9992185	0.4018346	151.8869	1.072637	3	5	8	1.018861	1.403829	230.538	783.6167	0.7629496	0.2401467	0.7722208	0.1947026	1	
5	4	1	0	0	1	1	3.842773	14.44482	18.2876	0.8196046	0.04072007	56.36171	2.127345	2	4	6	1.326137	1.231697	285.8224	602.1252	0.5359542	0.1130616	0.4800769	0.09351714	1	
5	4	2	0	0	1	1	3.626465	13.68896	17.31543	0.9562672	0.1386921	139.8918	3.659194	2	2	4	0.8758456	1.676434	196.521	665.8147	0.8227301	0.1055389	0.7225665	0.2075141	1	
5	4	3	0	0	1	1	2.128418	35.52197	37.65039	0.9411309	0.007420142	96.18728	1.154182	1	16	17	0.7187883	4.481872	160.2896	2483.93	0.8644608	0.03078807	0.7965093	0.03874736	1	
5	5	1	0	1	0	0	16.84277	20.33301	37.17578	0.9784508	0.08741815	127.84	3.805795	5	1	6	2.105747	1.527291	560.4727	853.1816	0.4352342	0.242953	0.1456728	0.101738	1	
5	5	2	0	1	0	0	10.41748	13.2998	23.71729	0.9728097	0.3896778	93.54147	1.286924	2	2	4	2.22392	0.9268997	475.192	341.041	0.2931002	0.3647608	0.09023691	0.2421631	1	
5	5	3	0	1	0	0	7.501953	8.955566	16.45752	4.816649	0.09269981	29.36175	2.22095	2	1	3	1.886649	1.097727	497.0151	251.4743	0.4108718	0.4205256	0.1552802	0.09053011	1	
5	6	1	0	1	0	1	3.219238	19.5332	22.75244	2.711906	0.04860106	29.34804	4.567239	1	2	3	0.5696557	1.790903	121.5879	710.5007	0.9082553	0.258738	0.6447365	0.03084738	1	
5	6	2	0	1	0	1	3.018066	23.7334	26.75146	0.8604886	0.4217017	169.0483	4.047428	2	1	3	0.793129	1.907314	187.7488	719.1458	0.8161073	0.0974353	0.6229056	0.2082733	1	
5	6	3	0	1	0	1	10.92432	12.48877	23.41309	2.262709	0.04309742	29.78622	4.444222	4	2	6	2.162766	1.311616	888.5632	374.1679	0.6931121	0.4348361	0.09564194	0.07433707	1	
5	7	1	0	1	1	0	4.393066	35.15576	39.54883	10.35149	0.04006007	29.82064	2.202902	1	4	5	0.2457822	2.595348	78.54787	1275.332	0.8832675	0.6679041	0.9026901	0.01562589	1	
5	7	2	0	1	1	0	16.96143	14.37744	31.33887	0.9990613	0.2731439	82.55344	3.994864	3	2	5	1.974573	0.9575571	857.6288	329.1582	0.7113893	0.3727401	0.1176137	0.2310949	1	
5	7	3	0	1	1	0	5.646484	18.32227	23.96875	0.9932229	0.1353347	134.7688	4.900009	2	2	4	0.8896357	1.306247	213.9749	586.5786	0.8761809	0.1739735	0.2911584	0.1478399	1	
5	8	1	0	1	1	1	4.084473	15	19.08447	0.9892547	0.03527431	51.89688	2.328313	4	2	6	0.9053399	1.039564	203.4002	440.717	0.6711306	0.2768292	0.5452042	0.1019714	1	
5	8	2	0	1	1	1	2.349121	12.85547	15.20459	0.9818746	0.03775769	135.1238	3.517392	3	1	4	0.6324744	1.164555	151.5825	417.3267	0.8567014	0.1968453	0.5925555	0.2369638	1	
5	8	3	0	1	1	1	2.350586	14.04443	16.39502	0.9999606	0.4198309	80.23658	2.256264	3	4	7	0.676966	1.101509	176.4605	520.7328	0.9198815	0.3298638	0.7663339	0.09990381	1	
6	1	1	0	0	0	0	7.511719	16.47852	23.99023	0.8707255	0.306787	48.65953	6.428978	2	2	4	0.9338276	1.169502	157.8733	430.4973	0.710537	0.1749785	0.6237338	0.1265758	1	
6	1	2	0	0	0	0	4.347656	15.34375	19.69141	0.9986726	0.1284328	116.0659	6.117405	1	3	4	0.8622405	1.179794	119.0643	452.5341	0.7587833	0.2257143	0.4574481	0.2540858	1	
6	1	3	0	0	0	0	7.304688	51.92188	59.22656	0.9900631	0.3401253	122.363	5.059742	3	10	13	1.131621	2.516802	289.3585	1233.558	0.7186296	0.1092929	0.3382794	0.09990451	6	
6	2	1	0	0	0	1	10.33301	17.51074	27.84375	1.177505	0.8852752	29.74045	4.124259	3	3	6	1.627614	0.7882808	425.0504	207.2553	0.6777031	0.1882056	0.296911	0.1423748	3	
6	2	2	0	0	0	1	2.972656	13.18848	16.16113	0.9871083	0.04968747	103.9485	7.499864	1	5	6	0.8191117	1.506016	134.796	475.6085	0.7600439	0.1010245	0.499943	0.224529	1	
6	2	3	0	0	0	1	5.119141	22.54492	27.66406	0.9655624	0.8834524	141.8346	14.3369	3	10	13	1.047872	1.534287	208.04	575.2474	0.8455245	0.2081935	0.5788713	0.2314432	1	
6	3	1	0	0	1	0	4.560547	28.58887	33.14941	0.9715306	0.0358675	47.80597	9.816479	1	6	7	1.025799	1.645143	196.4843	793.656	0.5577183	0.1878414	0.477607	0.0638404	2	
6	3	2	0	0	1	0	7.057617	7.333008	14.39063	0.9983895	0.0612781	141.4724	13.11352	2	0	2	0.7870556	0.6347899	121.929	266.072	0.8112602	0.3992568	0.6689844	0.5416989	1	
6	3	3	0	0	1	0	4.005859	102.7002	106.7061	0.991064	0.08833463	115.1252	3.946958	1	25	26	0.8368348	5.202339	130.7477	2718.213	0.8154599	0.04967043	0.6656851	0.04178622	1	
6	4	1	0	0	1	1	4.27832	8.400391	12.67871	0.999597	0.240041	43.98395	8.126347	1	3	4	1.165597	0.7846929	203.8684	230.7066	0.6871211	0.2023047	0.5002779	0.169908	1	
6	4	2	0	0	1	1	3.235352	8.956055	12.19141	0.9777576	0.08870865	104.1043	4.199314	1	1	2	0.8564211	0.6895021	157.3127	271.4487	0.578136	0.2420981	0.5273858	0.3699172	1	
6	4	3	0	0	1	1	28.81738	20.85547	49.67285	0.981351	0.1453443	55.65331	10.51122	17	12	29	3.344696	1.764432	1583.242	860.0671	0.4802642	0.106423	0.09140741	0.07372098	1	
6	5	1	0	1	0	0	31.99316	40.5	72.49316	0.9995217	0.2852068	91.27538	8.623414	8	12	20	2.791271	2.200306	944.4075	994.421	0.5993938	0.1785138	0.0698736	0.07093095	1	
6	5	2	0	1	0	0	12.42383	8.210938	20.63477	0.9245278	0.06125361	174.838	7.215212	1	1	2	2.300812	0.6629455	524.3807	225.16	0.1392165	0.2189839	0.1674809	0.6187288	1	
6	5	3	0	1	0	0	13.75488	116.0996	129.8545	0.9980841	0.1544877	168.7259	4.838588	3	29	32	2.689512	7.202415	639.4554	3102.069	0.3796657	0.04957389	0.1212277	0.04166565	1	
6	6	1	0	1	0	1	1.957031	40.4668	42.42383	6.449553	0.2537387	29.8285	6.228655	0	8	8	0.5350038	2.517139	93.0583	639.3239	0.9133669	0.4582616	0.8399933	0.03993033	1	
6	6	2	0	1	0	1	4.929688	22.31152	27.24121	2.346195	0.2790154	29.79435	20.05956	1	8	9	1.133065	1.768452	192.2299	500.2689	0.7692887	0.4323611	0.5103143	0.05900548	1	
6	6	3	0	1	0	1	14.66504	44.2334	58.89844	0.9901453	0.09937162	50.04251	6.877779	10	31	41	2.009179	4.038889	699.8776	1736.249	0.7565752	0.06223553	0.1527043	0.0184789	1	
6	7	1	0	1	1	0	5.976563	34.44434	40.4209	0.9989344	0.4334079	82.24536	20.38068	1	10	11	1.030665	1.448512	211.4007	568.324	0.7815062	0.321778	0.4241615	0.09505	1	
6	7	2	0	1	1	0	7.964844	16.9668	24.93164	4.553116	0.2758351	29.38446	17.7616	2	2	4	0.8738585	1.282486	187.7021	221.7482	0.9293498	0.8083607	0.4662237	0.301676	4	
6	7	3	0	1	1	0	3.913086	16.85547	20.76855	0.9573382	0.9936669	131.7274	19.46924	1	5	6	0.7580554	0.9824579	135.5011	413.851	0.8392094	0.6018821	0.8590279	0.2299691	1	
6	8	1	0	1	1	1	6.546875	7.210938	13.75781	0.9836124	0.05769731	34.93517	4.835674	2	0	2	1.595853	1.043211	277.89	307.9204	0.3823046	0.1830826	0.3626707	0.08391311	1	
6	8	2	0	1	1	1	3.398438	10.86719	14.26563	0.978409	0.09063876	119.8685	12.23789	1	3	4	0.7928548	0.694437	126.5014	206.5824	0.7831542	0.2374105	0.5765877	0.4632829	3	
6	8	3	0	1	1	1	3.149414	31.72266	34.87207	0.9898548	0.1088954	135.6067	2.724	1	11	12	0.7628849	2.981485	124.2898	1182.089	0.8575737	0.06797212	0.8177288	0.07949942	1	
7	1	1	0	0	0	0	2.807251	25.80002	28.60727	0.9651573	0.03612177	78.32829	2.595691	1	5	6	0.49191	1.193908	102.4239	471.1511	0.805685	0.2228894	0.6302823	0.1694732	1	
7	1	2	0	0	0	0	4.671783	16.51114	21.18292	0.9994057	0.03929803	117.8776	4.888011	1	4	5	0.975895	0.8051313	201.4727	382.7873	0.4857742	0.3421392	0.2321338	0.3067767	1	
7	1	3	0	0	0	0	1.709045	26.80002	28.50906	0.9965203	0.02899689	122.0995	1.833278	0	7	7	0.583697	1.163476	115.3867	570.8673	0.6719157	0.3238882	0.5468541	0.2128418	1	
7	2	1	0	0	0	1	5.713165	9.677765	15.39093	2.312721	0.01708107	29.69797	2.43094	2	1	3	1.001634	0.7313997	212.0231	205.5541	0.7536661	0.6808469	0.548759	0.1433638	1	
7	2	2	0	0	0	1	2.820221	11.07779	13.89801	0.9655718	0.02932594	74.99317	1.567693	1	1	2	0.4436679	1.064928	116.1518	330.0258	0.9124898	0.2017737	0.7125733	0.2251899	1	
7	2	3	0	0	0	1	0.6941528	11.61115	12.3053	0.844604	0.01965786	119.5331	2.860248	0	4	4	0.3158937	1.039952	81.87222	421.8414	0.938032	0.1340056	0.9023998	0.2755848	1	
7	3	1	0	0	1	0	3.095642	24.83331	27.92896	0.9528214	0.01007836	81.19919	2.183989	1	4	5	0.5378625	1.144961	115.4192	307.5495	0.843612	0.2218479	0.6274949	0.2660125	1	
7	3	2	0	0	1	0	1.593811	26.74445	28.33826	0.9619306	0.01763366	102.5487	3.149905	0	5	5	0.4398691	1.07966	91.03722	388.0771	0.8560132	0.2769094	0.7713893	0.2700327	1	
7	3	3	0	0	1	0	1.422607	20.04443	21.46704	0.9308887	0.01370386	118.6234	1.967149	0	7	7	0.5044261	0.7110553	97.00562	479.6227	0.7679288	0.441144	0.6994684	0.247738	1	
7	4	1	0	0	1	1	2.133972	17.33337	19.46735	0.9204008	0.023062	59.32588	2.827494	1	4	5	0.5459336	0.9665753	109.1324	428.8466	0.9160027	0.1813944	0.8532481	0.1402603	1	
7	4	2	0	0	1	1	2.024353	9.011108	11.03546	0.9062318	0.01486306	93.95493	2.494194	1	2	3	0.6439931	0.6352631	124.0755	236.3812	0.7138701	0.2389894	0.7642224	0.4035499	1	
7	4	3	0	0	1	1	1.569397	19.41107	20.98047	0.958145	0.04537772	153.8339	2.674996	0	9	9	0.6128889	1.856368	133.8304	816.0304	0.7487937	0.08286174	0.5261047	0.1868483	1	
7	5	1	0	1	0	0	3.706818	14.92221	18.62903	0.9954047	0.0418464	40.61081	5.625989	1	3	4	0.8336781	0.7343657	168.1974	262.8702	0.5183297	0.5316188	0.4939737	0.1635722	1	
7	5	2	0	1	0	0	3.84491	10.25555	14.10046	1.63433	0.1118286	29.48773	1.073367	1	2	3	0.5793301	0.6813965	166.1493	155.9277	0.8238608	0.6499148	0.457928	0.2104971	1	
7	5	3	0	1	0	0	0.6613159	15.33334	15.99466	0.9115062	0.02018993	105.0384	3.399926	0	3	3	0.3010325	1.038322	72.82281	454.4777	0.957497	0.1146524	0.9377415	0.1608586	1	
7	6	1	0	1	0	1	3.279968	9.966675	13.24664	0.9208807	0.04287556	79.1606	2.634603	1	1	2	0.6826243	0.7150832	142.6938	360.2914	0.6292652	0.4048062	0.3301096	0.1690938	1	
7	6	2	0	1	0	1	3.621277	15.10001	18.72128	0.9893985	0.05213926	109.0102	5.294752	1	2	3	0.6980479	0.9537454	146.0896	415.2524	0.7920609	0.3412338	0.5837589	0.2271454	1	
7	6	3	0	1	0	1	9.622314	14.58887	24.21118	1.143759	0.05026032	29.73502	4.281835	5	2	7	1.436052	0.7700553	564.2162	380.9576	0.7173598	0.5514627	0.1605428	0.07594266	1	
7	7	1	0	1	1	0	12.56106	27.14445	39.70551	0.9853172	0.03305816	107.2407	3.241757	4	5	9	1.551212	1.34599	415.0805	505.0833	0.4429151	0.2076412	0.2240989	0.1946373	1	
7	7	2	0	1	1	0	4.77607	27.07777	31.85384	0.9239779	0.02018531	123.1768	4.248429	1	4	5	0.8172765	1.473335	166.0637	587.3876	0.7285375	0.1265626	0.7008075	0.1807249	1	
7	7	3	0	1	1	0	2.17836	30.2	32.37836	0.9824153	0.01330623	145.6078	1.394348	0	6	6	0.6355529	1.369615	204.027	625.6553	0.6661904	0.2104613	0.476609	0.1859073	1	
7	8	1	0	1	1	1	1.152954	20.43333	21.58629	4.626906	0.02942496	29.33298	2.982695	0	3	3	0.3432069	1.127405	128.4274	393.7897	0.8919023	0.5386891	0.6144804	0.05241099	1	
7	8	2	0	1	1	1	4.924576	12.31111	17.23569	0.9767295	0.05109788	162.8288	1.353328	2	2	4	0.8558173	0.8865085	219.8333	339.52	0.8873686	0.2971439	0.4326858	0.3874961	1	
7	8	3	0	1	1	1	2.968979	13.55554	16.52452	0.978366	0.009208866	75.13668	1.959574	1	2	3	0.6292708	0.793636	148.2359	386.0321	0.7477396	0.3445774	0.6307535	0.1564605	1	
8	1	1	0	0	0	0	4.030029	34.71106	38.74109	0.9950373	0.05073697	65.38021	14.43748	1	6	7	0.5162581	1.416763	120.442	400.817	0.8242871	0.1314926	0.8541396	0.1462497	1	
8	1	2	0	0	0	0	9.388184	22.2666	31.65479	0.995943	0.1095744	158.3611	17.45889	3	8	11	0.9936132	0.9988754	210.9516	559.0155	0.8192838	0.2038091	0.8092642	0.300793	1	
8	1	3	0	0	0	0	78.09058	6.099976	84.19055	1.355317	0.4384679	29.91526	27.69492	20	1	21	4.46033	0.4022684	1771.717	84.09717	0.47624	0.5840915	0.08148013	0.2334837	1	
8	2	1	0	0	0	1	4.349854	47.1333	51.48315	0.9809989	0.142019	66.6328	9.595832	2	15	17	0.7354078	2.544043	151.8347	1568.369	0.8105936	0.07410967	0.8407829	0.04833423	1	
8	2	2	0	0	0	1	6.140381	14.27783	20.41821	0.9917476	0.2103331	34.04741	18.94271	3	3	6	0.9189164	0.5996532	290.0908	259.5134	0.8038759	0.2152216	0.4900734	0.1278097	1	
8	2	3	0	0	0	1	3.024048	14.64441	17.66846	0.9707584	0.03920702	109.8891	9.078653	1	5	6	0.804578	1.076581	230.6626	393.7852	0.6429462	0.1452987	0.5200599	0.2589187	1	
8	3	1	0	0	1	0	8.824829	13.8999	22.72473	1.336695	0.02762474	29.9065	12.67111	4	2	6	0.7441481	0.6239027	299.661	139.7814	0.8556629	0.6086649	0.3718491	0.2282989	1	
8	3	2	0	0	1	0	36.63013	32.53333	69.16345	2.57884	0.03995091	29.90112	11.37509	13	6	19	1.658202	1.135175	688.9385	242.3232	0.7323969	0.3585607	0.2016284	0.09478427	1	
8	3	3	0	0	1	0	6.462646	38.25549	44.71814	0.9770647	0.1235736	92.90517	12.27053	2	9	11	0.6759804	1.524621	153.2619	573.9812	0.81225	0.1053512	0.9112995	0.1497828	1	
8	4	1	0	0	1	1	19.69458	10.77783	30.47241	0.9956138	0.16678	39.87318	6.160392	3	1	4	1.397575	2.624371	424.4837	193.673	0.4607155	0.01093062	0.2444587	0.2235011	1	
8	4	2	0	0	1	1	6.44397	15.31104	21.755	1.618974	0.07777575	29.73129	20.99284	3	1	4	1.195419	0.8209876	314.3603	181.9467	0.5090249	0.4661623	0.404374	0.2249809	1	
8	4	3	0	0	1	1	8.498535	11.94446	20.44299	0.9930379	0.07811165	99.55085	6.351283	3	5	8	1.014982	0.9476714	269.8034	444.3523	0.8477149	0.1769062	0.5580832	0.2078408	1	
8	5	1	0	1	0	0	10.07227	8.177856	18.25012	0.9952784	0.4829573	64.85352	23.05374	4	2	6	0.9319646	0.3112103	222.9937	137.7647	0.8356367	0.4502464	0.6192207	0.5154619	1	
8	5	2	0	1	0	0	8.42041	14.07776	22.49817	1.96701	0.3481954	29.82273	10.13101	2	3	5	0.7030684	0.596821	352.9337	149.3257	0.8508698	0.7726586	0.2401655	0.2401518	1	
8	5	3	0	1	0	0	28.11243	8.511108	36.62354	1.215604	0.7160745	29.85431	15.31044	7	1	8	1.962836	0.3387589	654.8606	78.70044	0.6351669	0.7336789	0.1831599	0.7013097	1	
8	6	1	0	1	0	1	5.432983	7.533325	12.96631	2.774526	0.8729486	29.7396	7.134215	4	2	6	0.8145946	0.4803309	210.573	79.92747	0.7683895	0.8499451	0.4996834	0.4427354	1	
8	6	2	0	1	0	1	15.5238	9.011108	24.53491	0.9999773	0.6478387	34.54247	28.83362	12	2	14	1.576629	0.3116909	539.5142	43.97278	0.6612077	0.4593382	0.1585743	1.275608	2	
8	6	3	0	1	0	1	7.128784	9.199951	16.32874	0.9972633	0.07287904	46.14121	4.909745	6	3	9	0.8472339	0.5459862	286.0016	163.571	0.8838594	0.4793701	0.2832553	0.437691	1	
8	7	1	0	1	1	0	34.83362	66.81116	101.6448	0.9536259	0.05646553	132.0495	4.555052	8	10	18	1.98336	2.471459	376.3854	1331.863	0.6182187	0.05381315	0.3059292	0.07641248	1	
8	7	2	0	1	1	0	8.733765	19.58899	28.32275	0.9893207	0.02115842	166.8049	6.386939	2	3	5	1.854717	0.9586341	450.6671	563.6316	0.3591912	0.2058498	0.2074446	0.2143667	1	
8	7	3	0	1	1	0	16.0509	16.27783	32.32874	0.9841518	0.06966402	147.6447	4.686028	4	3	7	0.9465217	0.6267236	195.1851	276.848	0.8552781	0.2342097	0.3344164	0.458282	1	
8	8	1	0	1	1	1	5.097412	9.766602	14.86401	0.9994948	0.1481777	68.36063	9.230401	2	2	4	0.9296359	0.4571803	174.6358	158.9956	0.8655769	0.4918999	0.7023765	0.3899694	1	
8	8	2	0	1	1	1	2.733887	33.33325	36.06714	0.9250959	0.1072424	144.6174	14.78495	1	10	11	0.6034445	2.327539	144.4863	947.1849	0.8613434	0.07683681	0.549434	0.120234	1	
8	8	3	0	1	1	1	13.25085	13.3999	26.65076	1.889719	0.4622868	29.97577	8.506244	9	4	13	1.991178	0.7270286	674.0634	153.1194	0.6817855	0.6793088	0.1135029	0.2205243	2	
9	1	1	0	0	0	0	14.85791	37.28906	52.14697	4.574522	0.04900661	29.70367	4.736049	4	4	8	1.248929	3.036413	344.006	1308.901	0.6285306	0.1873545	0.3524572	0.02084487	1	
9	1	2	0	0	0	0	12.57837	72.98901	85.56738	3.022032	0.04230564	29.6793	4.913252	3	12	15	1.822578	6.9082	712.1769	3112.495	0.473954	0.0546713	0.2082559	0.01092359	1	
9	1	3	0	0	0	0	44.99902	121.1555	166.1545	0.9809529	0.06342496	64.89433	3.832442	10	25	35	7.2497	8.916958	3413.062	4472.283	0.1909029	0.01747705	0.05042754	0.01547756	1	
9	2	1	0	0	0	1	9.051514	34.6001	43.65161	0.9974244	0.1077386	139.1455	4.959564	3	6	9	1.656117	2.95298	702.0283	1364.214	0.4961388	0.05022573	0.1559365	0.1020341	1	
9	2	2	0	0	0	1	8.043457	57.3667	65.41016	2.343735	0.07921261	29.03185	7.344317	1	4	5	1.6284	5.948364	585.4802	1627.862	0.6291633	0.08244539	0.2677162	0.01989854	1	
9	2	3	0	0	0	1	12.04053	30.1333	42.17383	0.9929156	0.125106	101.7857	4.257817	3	7	10	2.702386	4.2822	914.9164	1776.19	0.5031045	0.0316428	0.1931772	0.0551581	1	
9	3	1	0	0	1	0	10.21997	167.0112	177.2312	2.681256	0.007020168	29.99125	1.510221	3	27	30	1.313403	10.20341	421.008	4438.367	0.5637048	0.0619914	0.3144695	0.006858832	1	
9	3	2	0	0	1	0	6.762695	42.62231	49.38501	0.9980434	0.00918717	113.0889	4.006995	1	8	9	0.8410283	1.56067	171.1392	777.7756	0.6920691	0.1745805	0.2470651	0.146771	1	
9	3	3	0	0	1	0	4.668213	39.66675	44.33496	0.9966033	0.02045347	136.0206	1.546581	1	8	9	1.009087	3.116861	188.0964	1490.88	0.6544723	0.05629194	0.4705278	0.09070562	1	
9	4	1	0	0	1	1	3.143799	46.92212	50.06592	0.9767542	0.002318481	81.1225	1.550624	1	10	11	0.8546097	4.060795	207.5611	1688.607	0.9045281	0.02885212	0.6160385	0.04813659	1	
9	4	2	0	0	1	1	2.801514	19.24438	22.0459	0.9990029	0.02456196	92.13148	2.302962	1	4	5	0.783547	1.292139	146.0551	550.4248	0.802682	0.1359568	0.3676981	0.1716834	1	
9	4	3	0	0	1	1	10.32959	20.27783	30.60742	2.312468	0.02399055	28.7571	1.744456	7	3	10	1.859831	1.595586	677.2157	491.6964	0.7075313	0.2941296	0.175224	0.05533238	1	
9	5	1	0	1	0	0	3.037598	42.91113	45.94873	2.284043	0.06944229	29.89432	2.755712	1	8	9	0.536092	2.709851	116.5249	932.9963	0.9276007	0.1714034	0.7329213	0.02559425	1	
9	5	2	0	1	0	0	5.020996	39.96655	44.98755	4.029785	0.01944247	29.34404	3.176384	1	6	7	0.7700472	2.837237	214.1837	899.1035	0.8307354	0.3510519	0.3843721	0.03348647	1	
9	5	3	0	1	0	0	7.0979	25.8667	32.9646	1.711694	0.03084091	29.20961	3.827332	2	4	6	1.116166	1.410725	467.0984	438.7761	0.7605658	0.3434328	0.1664839	0.06551269	1	
9	6	1	0	1	0	1	1.756348	25.85547	27.61182	5.286324	0.02533956	28.99343	2.116278	1	7	8	0.4770811	2.040621	101.1481	684.298	0.950156	0.4532732	0.7123806	0.03275898	1	
9	6	2	0	1	0	1	3.107178	25.98901	29.09619	1.664877	0.05257801	28.55149	4.477042	1	5	6	0.7566014	1.973066	182.7909	568.1028	0.682105	0.2053391	0.3674265	0.03805979	1	
9	6	3	0	1	0	1	0.809082	36.18872	36.9978	0.8948125	0.03031399	130.9354	2.822783	0	9	9	0.4890827	3.984684	78.10806	1537.391	1.004168	0.02752601	0.8562851	0.05337255	1	
9	7	1	0	1	1	0	0.8444824	30.31128	31.15576	4.618018	0.009845213	29.87458	1.857033	0	4	4	0.3798295	1.792257	77.27399	592.6769	0.9763142	0.3869165	0.7706863	0.03799567	1	
9	7	2	0	1	1	0	1.328369	31.05566	32.38403	0.9800668	0.01754034	49.50253	3.347254	0	3	3	0.5414188	2.38654	119.9756	728.8994	0.8704249	0.06529684	0.6326669	0.05505763	1	
9	7	3	0	1	1	0	1.245605	33.72241	34.96802	0.9909886	0.009281051	172.1187	1.314007	0	3	3	0.6472535	1.840197	116.4628	823.2108	0.8800274	0.1177543	0.5558212	0.1572257	1	
9	8	1	0	1	1	1	2.416016	51.0332	53.44922	1.681641	0.07896909	29.98316	9.202686	0	9	9	0.7494366	5.812272	237.0108	2616.339	0.841563	0.03045453	0.3168164	0.006026675	1	
9	8	2	0	1	1	1	13.93091	25.6333	39.56421	0.9755379	0.009023359	32.01848	4.214759	4	3	7	2.580656	1.468523	1089.454	502.5791	0.3822278	0.2296647	0.0635224	0.08434151	1	
9	8	3	0	1	1	1	4.461914	25.21118	29.6731	2.59081	0.0596945	27.91135	1.077007	1	4	5	1.128925	1.901003	519.0319	524.2621	0.6596574	0.3056349	0.1389486	0.04692659	1	
10	1	1	0	0	0	0	3.724121	18.14404	21.86816	4.160917	0.0521949	29.41044	6.715427	1	3	4	0.9817933	1.340177	167.6476	268.4501	0.8896544	0.6714096	0.7248646	0.08276644	1	
10	1	2	0	0	0	0	10.72363	38.05566	48.7793	3.504988	0.06338787	29.74641	10.26916	3	8	11	1.402457	3.247096	456.5439	839.512	0.7634428	0.2416894	0.2662803	0.04495405	1	
10	1	3	0	0	0	0	60.66016	13.51074	74.1709	0.9759649	0.01795315	31.66594	0.828974	19	3	22	11.59373	0.6998377	2578.142	122.2205	0.1284444	0.4910715	0.04550875	0.2542442	1	
10	2	1	0	0	0	1	3.708496	14.21094	17.91943	5.86919	0.008719557	29.40318	0.6943584	1	5	6	1.080149	1.695485	175.6703	282.8889	0.7582767	0.4175736	0.614605	0.102415	1	
10	2	2	0	0	0	1	4.631348	11.1001	15.73145	4.571308	0.8529181	29.84447	17.3951	2	6	8	1.043101	1.026534	292.9922	227.4254	0.9061976	0.6366364	0.4970414	0.1638543	1	
10	2	3	0	0	0	1	2.556641	31.1001	33.65674	0.9924173	0.1223268	138.9765	2.372604	1	16	17	1.274796	4.611889	319.4921	1310.144	0.4899802	0.03150655	0.2102782	0.1049508	1	
10	3	1	0	0	1	0	3.22168	46.77783	49.99951	3.693106	0.02363974	29.62632	6.601341	1	11	12	0.8153596	2.404978	138.3792	690.0959	0.9066235	0.3520061	0.7706334	0.03936775	1	
10	3	2	0	0	1	0	15.0249	31.8667	46.8916	6.579768	0.01898394	29.91576	4.604626	4	4	8	2.657128	2.865378	784.6786	418.5969	0.7079276	0.4220927	0.1820411	0.07933895	1	
10	3	3	0	0	1	0	16.74463	21.18896	37.93359	3.295428	0.004498255	29.26331	2.158031	4	3	7	2.653134	1.103969	850.9161	204.6873	0.6278331	0.690721	0.1373054	0.1445254	1	
10	4	1	0	0	1	1	5.529297	29.30029	34.82959	0.9795333	0.1767336	54.59446	4.364949	2	8	10	0.8661262	2.330863	146.8469	560.824	0.9176286	0.05987355	0.6964333	0.1032261	1	
10	4	2	0	0	1	1	2.600098	26.87744	29.47754	0.9893922	0.02527993	94.30391	6.359908	1	4	5	0.6882613	1.566903	154.7952	405.3571	0.8875332	0.1052813	0.6351283	0.2438149	1	
10	4	3	0	0	1	1	5.834961	14.4668	20.30176	0.9858479	0.01870805	47.10742	1.052751	4	4	8	1.444263	0.871488	559.6141	230.7198	0.6843807	0.2610528	0.2326468	0.2012891	1	
10	5	1	0	1	0	0	0.7104492	41.06641	41.77686	4.092901	0.09431592	27.37358	4.078641	0	13	13	0.412073	3.642774	65.02231	1152.833	1.008154	0.190704	0.9634917	0.01239108	1	
10	5	2	0	1	0	0	12.47217	37.82227	50.29443	4.242436	0.0155266	29.97472	2.458794	2	5	7	1.560308	3.617409	638.7384	772.5371	0.7969865	0.2774979	0.1234544	0.03485219	1	
10	5	3	0	1	0	0	30.33447	28.11133	58.4458	5.045201	0.05365049	28.36618	2.850379	10	4	14	4.319481	2.144914	1320.31	544.6144	0.5467587	0.4779818	0.05902762	0.04340822	1	
10	6	1	0	1	0	1	3.221191	17.22217	20.44336	2.682491	0.1328749	27.85664	1.91227	1	2	3	0.8797475	1.925535	225.6835	418.8439	0.7729801	0.1755428	0.3411926	0.05165946	1	
10	6	2	0	1	0	1	5.190918	26.11133	31.30225	1.183989	0.03322997	28.34582	1.796185	2	3	5	1.151617	2.183408	387.3407	630.6099	0.7848475	0.1213745	0.1702163	0.03804581	1	
10	6	3	0	1	0	1	5.841309	12	17.84131	0.9982252	0.1599448	148.6438	7.581815	1	3	4	1.050074	0.8684932	516.9785	332.8163	0.7378939	0.2722242	0.09862661	0.3321939	1	
10	7	1	0	1	1	0	7.756836	22.2002	29.95703	3.302268	0.100872	29.95424	3.283027	2	5	7	0.9710156	1.651023	274.6931	417.5871	0.8574004	0.4118627	0.2805539	0.07509787	1	
10	7	2	0	1	1	0	2.873535	32.71094	35.58447	2.525256	0.02171157	28.22439	2.943598	0	2	2	0.663828	1.742662	200.8717	435.3965	0.8068507	0.3881924	0.4496491	0.06822031	1	
10	7	3	0	1	1	0	4.238281	29.75537	33.99365	4.830181	0.0238311	29.58114	1.122554	1	6	7	1.006712	1.597768	262.9944	285.7899	0.9057031	0.5399882	0.3078648	0.1318872	1	
10	8	1	0	1	1	1	13.78076	23.15576	36.93652	1.245145	0.03500353	27.4037	2.390025	6	5	11	1.532946	1.65781	574.6162	404.8103	0.6056648	0.1123364	0.1424214	0.05263847	1	
10	8	2	0	1	1	1	8.963867	42.65576	51.61963	2.380456	0.005666134	29.76117	1.342878	4	6	10	1.639434	1.586282	560.7669	458.554	0.6324865	0.4757111	0.1198963	0.09069385	1	
10	8	3	0	1	1	1	8.085938	13.91113	21.99707	2.845167	0.02763352	29.52627	0.7284643	6	2	8	1.624799	0.7283554	634.6324	212.5512	0.7073538	0.7286512	0.100711	0.1373859	1	
11	1	1	0	0	0	0	4.222992	6.333344	10.55634	1.72946	0.02543751	29.9895	5.523033	1	1	2	0.6702564	0.5770032	167.8999	180.8496	0.8817172	0.5480152	0.7859838	0.1440868	1	
11	1	2	0	0	0	0	3.278259	11.45554	14.7338	0.9843336	0.02508512	132.3595	2.391662	1	3	4	0.7605249	0.9607076	142.6549	483.9019	0.6710919	0.1981914	0.4474558	0.2782444	1	
11	1	3	0	0	0	0	6.057617	12.93332	18.99094	0.9944686	0.05786358	125.1709	2.0186	1	3	4	0.9411352	1.154039	300.891	480.622	0.6313343	0.2156967	0.4555012	0.2588032	1	
11	2	1	0	0	0	1	3.10228	8.46666	11.56894	0.9913096	0.06453311	46.13119	3.897259	1	2	3	0.8139501	0.6099256	189.2146	189.9621	0.685724	0.3539012	0.4808826	0.2246711	1	
11	2	2	0	0	0	1	2.714478	11.36667	14.08115	0.9914144	0.0165604	40.7557	2.301261	1	2	3	0.9227968	0.9375975	211.858	296.3991	0.518694	0.2404849	0.5532586	0.1343965	1	
11	2	3	0	0	0	1	3.579407	7.844452	11.42386	0.9911181	0.01298859	138.5635	2.227284	1	2	3	0.8727269	0.9309155	185.5883	402.9187	0.600698	0.1632955	0.3780335	0.3510904	1	
11	3	1	0	0	1	0	3.83445	9.82222	13.65667	0.9972699	0.0139353	48.95419	2.257998	1	1	2	0.7395347	0.885829	172.8946	353.162	0.7115815	0.2601789	0.6292253	0.1322388	1	
11	3	2	0	0	1	0	3.199516	15.57778	18.7773	0.9791273	0.02137583	96.63658	1.562692	1	2	3	0.6058768	0.8728281	164.116	422.4618	0.7874481	0.2816883	0.6364671	0.2284245	1	
11	3	3	0	0	1	0	3.272156	22.25555	25.52771	0.9904247	0.03277752	126.1501	5.462737	1	5	6	0.6767495	1.308226	168.7922	459.2863	0.7460261	0.1920044	0.7536423	0.2688239	1	
11	4	1	0	0	1	1	2.762131	10.16667	12.9288	0.9227559	0.02485876	47.57992	4.803185	1	2	3	0.8359723	0.6384801	223.2809	212.4517	0.5886564	0.2146557	0.6046124	0.2257418	1	
11	4	2	0	0	1	1	5.963867	8.888885	14.85275	0.9675233	0.05514476	89.19076	5.577768	3	1	4	1.217677	0.9790143	257.1348	313.7579	0.4746	0.156798	0.3821621	0.2795091	1	
11	4	3	0	0	1	1	4.41098	10.43332	14.8443	0.9828578	0.01315528	66.29541	2.18112	2	2	4	0.9198443	0.7958057	341.239	230.4423	0.6237153	0.2153606	0.4759116	0.2795379	1	
11	5	1	0	1	0	0	5.776642	10.44446	16.2211	0.989781	0.0293764	105.8536	5.320861	1	2	3	0.8469169	0.7499942	127.712	329.6634	0.6996681	0.3917396	0.3890367	0.2226494	1	
11	5	2	0	1	0	0	8.329834	9.555542	17.88538	0.9913897	0.04794112	111.0559	7.881881	2	1	3	0.9438556	0.6861658	184.4929	273.1176	0.7075566	0.3783229	0.6348808	0.2934439	1	
11	5	3	0	1	0	0	4.375122	16.55557	20.93069	0.8975682	0.04146572	120.8278	4.933448	1	2	3	1.037302	1.326738	201.3968	458.2436	0.526276	0.1019072	0.5880149	0.1902225	1	
11	6	1	0	1	0	1	2.480072	4.266663	6.746735	1.365012	0.02530779	29.72884	6.287092	1	0	1	0.7729295	0.3889439	172.0188	120.1991	0.7558208	0.6757658	0.5196425	0.2512355	1	
11	6	2	0	1	0	1	3.280487	9.322235	12.60272	0.9936796	0.02059638	80.1614	1.846466	1	1	2	0.7714869	0.9635982	174.8668	400.8816	0.7227424	0.1953947	0.3650155	0.1355323	1	
11	6	3	0	1	0	1	2.051453	8.433319	10.48477	0.8159633	0.03222273	153.8079	2.796596	1	2	3	0.8610157	1.066223	156.8952	373.2355	0.4962687	0.09193147	0.4845476	0.2642122	1	
11	7	1	0	1	1	0	3.739227	16.86667	20.6059	0.956575	0.01035875	39.24553	4.125208	1	3	4	0.759615	0.592261	163.5642	219.6286	0.8532161	0.5985427	0.5898045	0.1760869	1	
11	7	2	0	1	1	0	4.012573	17.00003	21.0126	0.978353	0.009154831	138.8217	1.353907	1	2	3	0.8096806	2.655454	140.0577	773.2579	0.6724855	0.02120893	0.7224571	0.12706	1	
11	7	3	0	1	1	0	5.385315	19.1333	24.51862	0.9961502	0.08239707	172.4637	1.527228	2	4	6	0.8605192	1.030848	228.4616	459.0721	0.8413956	0.2837615	0.4688475	0.2567016	1	
11	8	1	0	1	1	1	2.687988	9.688904	12.37689	2.777472	0.02944561	28.50672	2.240249	2	1	3	0.8443583	0.8632831	214.0594	193.536	0.5617679	0.3368382	0.442972	0.1128122	1	
11	8	2	0	1	1	1	2.434021	10.14444	12.57846	0.9939654	0.03473562	96.93535	4.15998	1	2	3	0.7464451	0.7549676	159.9767	308.2891	0.727588	0.2296677	0.3546774	0.2009375	1	
11	8	3	0	1	1	1	3.861115	4.755554	8.616669	1.10373	0.03010822	27.03726	3.188191	1	1	2	0.8108963	0.4592249	250.7315	94.50331	0.6054972	0.4317467	0.3374785	0.2291207	1	
12	1	1	0	0	0	0	7.185913	36.97778	44.1637	1.913246	0.04387561	28.59401	2.443146	1	5	6	1.253002	2.060503	482.705	568.7117	0.5447543	0.2806946	0.2281435	0.04639231	1	
12	1	2	0	0	0	0	2.857666	30.48889	33.34656	0.8947763	0.06235632	117.4582	2.989248	1	4	5	0.557928	1.830252	95.18568	541.02	0.9419502	0.0912426	0.8884182	0.2143051	1	
12	1	3	0	0	0	0	4.178101	40.83337	45.01147	0.974905	0.008798463	101.1091	1.947956	1	6	7	0.7454166	2.487037	171.1457	770.7723	0.9315733	0.1135845	0.7576154	0.1332683	1	
12	2	1	0	0	0	1	1.767517	39.16669	40.9342	0.9451014	0.01333695	92.75645	1.85956	0	5	5	0.6503495	2.24509	103.503	695.1626	0.7850256	0.1557495	0.4567718	0.1323461	1	
12	2	2	0	0	0	1	2.297607	28.43335	30.73096	0.9984682	0.02046922	125.7082	1.61103	1	5	6	0.6390247	2.543336	103.9883	712.1274	0.9128764	0.09673209	0.7782412	0.1777594	1	
12	2	3	0	0	0	1	4.042908	27.1333	31.17621	1.067033	0.0294568	29.40164	0.6829933	3	5	8	0.9209877	1.887672	230.4494	547.3441	0.8457621	0.1866407	0.5878012	0.05228171	1	
12	3	1	0	0	1	0	4.768982	27.98889	32.75787	1.546375	0.03273366	29.52704	4.830653	1	3	4	0.78882	1.903447	201.2114	548.6446	0.83856	0.2347018	0.6277571	0.05410673	1	
12	3	2	0	0	1	0	6.261902	24.8667	31.1286	0.9355637	0.02132401	135.1546	1.420486	2	4	6	0.7310334	1.91719	196.8769	569.3743	0.8994642	0.1033895	0.7542951	0.2378855	1	
12	3	3	0	0	1	0	6.182922	45.28888	51.4718	0.9947708	0.003346224	68.80405	1.358523	2	5	7	0.8925707	3.037525	187.2518	964.3548	0.8732551	0.09475233	0.7977542	0.07066648	1	
12	4	1	0	0	1	1	9.183472	41.16666	50.35013	0.9994177	0.01226843	62.54545	1.254899	2	6	8	1.065163	2.68958	245.8793	879.8912	0.7858483	0.1064742	0.5624477	0.07135879	1	
12	4	2	0	0	1	1	7.463837	21.85556	29.3194	1.856694	0.01538724	29.35054	2.392317	1	3	4	1.267521	1.430917	389.8988	376.1967	0.6786065	0.3315996	0.3812851	0.08125604	1	
12	4	3	0	0	1	1	15.74014	28.61111	44.35126	2.432307	0.005181289	29.96219	0.9039493	8	5	13	2.522226	1.680075	1104.314	437.5428	0.6331926	0.4611692	0.136601	0.06937133	1	
12	5	1	0	1	0	0	11.18118	35.78891	46.97009	0.9881375	0.1044192	167.457	4.66644	3	3	6	1.276905	2.294568	294.1338	843.3259	0.7709036	0.143068	0.1352734	0.1715722	1	
12	5	2	0	1	0	0	9.300049	42.5	51.80005	0.998904	0.01888817	153.5204	0.9946439	2	4	6	1.470728	2.243688	363.8607	709.5884	0.5999776	0.1260477	0.3128573	0.1962625	1	
12	5	3	0	1	0	0	5.179688	37.61108	42.79077	0.9951934	0.004648978	120.6731	0.2683408	1	2	3	1.017962	2.487799	257.5057	635.0325	0.7673132	0.1139277	0.26179	0.1954083	1	
12	6	1	0	1	0	1	4.474426	17.36664	21.84106	0.9383574	0.02316271	128.532	2.913931	1	4	5	1.371764	1.085831	328.0003	386.4985	0.3936099	0.1738743	0.2552837	0.3054132	1	
12	6	2	0	1	0	1	3.023438	24.07776	27.1012	0.9821149	0.04313114	102.0189	1.338207	1	5	6	0.821148	1.478615	158.6065	506.808	0.7070362	0.1333068	0.5928386	0.1834698	1	
12	6	3	0	1	0	1	1.190063	64.01111	65.20117	0.9977747	0.008539591	109.6934	0.3189808	0	10	10	0.5062904	3.834795	75.70393	962.2093	0.9245759	0.1000115	0.8004883	0.1535432	1	
12	7	1	0	1	1	0	3.687866	36.10004	39.7879	4.916358	0.02942005	29.76814	1.599816	1	4	5	0.5862494	2.285049	105.936	459.5244	0.8941504	0.460104	0.7817204	0.1071385	1	
12	7	2	0	1	1	0	4.353271	30.43335	34.78662	0.9673175	0.0337089	83.62833	2.186855	1	3	4	0.8234932	1.583864	171.1684	326.197	0.7442395	0.2375485	0.5739332	0.3050309	1	
12	7	3	0	1	1	0	3.279175	68.15552	71.43469	0.9919521	0.00445301	132.9081	0.6452813	1	10	11	0.7115315	4.660212	128.0915	1607.793	0.9583346	0.05038624	0.8109758	0.07139567	2	
12	8	1	0	1	1	1	1.928101	22.31116	24.23926	0.9737176	0.01873997	131.5602	2.288984	0	3	3	0.7588761	1.550301	147.1572	690.0519	0.7003941	0.1068265	0.2845503	0.145257	1	
12	8	2	0	1	1	1	2.756226	12.40002	15.15625	0.9520987	0.01066011	67.19745	0.5293398	1	1	2	0.8106284	0.8348924	147.2656	229.4944	0.664274	0.1996147	0.5073088	0.3355088	1	
12	8	3	0	1	1	1	1.351563	55.41113	56.7627	0.9952386	0.004493149	145.6434	0.4747765	0	5	5	0.6628754	2.361801	112.8778	750.1796	0.9129243	0.1808601	0.5823626	0.2301704	1	
13	1	1	0	0	0	0	5.725342	39.24438	44.96973	0.9604176	0.1772312	93.04467	7.939509	2	11	13	0.6546298	2.675169	138.8629	1031.731	0.8849511	0.06252302	0.4504994	0.08458195	1	
13	1	2	0	0	0	0	6.848145	14.34448	21.19263	5.437299	0.2295857	29.8905	5.936949	2	3	5	0.7855333	1.190054	307.8553	310.0709	0.6888691	0.6770827	0.4168305	0.1108901	1	
13	1	3	0	0	0	0	16.74731	11.40015	28.14746	0.9998595	0.03803444	126.7311	2.097331	6	4	10	1.827844	0.7856308	806.5128	335.0893	0.598837	0.1516977	0.1955149	0.3775965	1	
13	2	1	0	0	0	1	5.153564	11.1333	16.28687	0.933681	0.2203392	97.89512	6.092394	3	4	7	1.110116	1.218804	377.3706	601.8159	0.7395909	0.1330869	0.3229162	0.1590117	1	
13	2	2	0	0	0	1	2.012939	16.71118	18.72412	0.9880319	0.0796589	133.1868	3.802297	1	6	7	0.6872407	1.205974	115.4938	528.0552	0.8604353	0.1046861	0.7884924	0.2587203	1	
13	2	3	0	0	0	1	2.094727	41.08887	43.18359	0.9978779	0.1472843	114.2617	3.936034	1	22	23	0.7600557	4.867419	187.9433	2511.565	0.8096898	0.03382701	0.4648772	0.04567642	1	
13	3	1	0	0	1	0	13.8606	33.30005	47.16064	0.9913065	0.2328529	97.69814	3.673499	3	9	12	1.251126	1.782504	399.6675	647.0732	0.63921	0.115021	0.09847551	0.1559776	1	
13	3	2	0	0	1	0	16.15942	17.71094	33.87036	0.9929061	0.113669	108.7216	3.896656	4	4	8	1.065553	0.8519624	354.9167	401.273	0.8077411	0.2625802	0.266344	0.2710053	1	
13	3	3	0	0	1	0	9.550781	36.84448	46.39526	0.978156	0.04465928	59.54887	1.385902	2	7	9	1.170575	1.701433	328.2219	640.7464	0.8070929	0.1369522	0.3658431	0.09459741	1	
13	4	1	0	0	1	1	2.310791	15.01123	17.32202	0.9894148	0.0826195	58.70546	2.689878	1	5	6	0.5770308	1.264383	160.7436	734.0628	0.8919983	0.1160647	0.5430737	0.07930224	1	
13	4	2	0	0	1	1	12.62305	19.28882	31.91187	0.9663705	0.01506204	39.98534	3.316477	14	2	16	1.599115	0.8732079	858.7451	398.0949	0.4569326	0.177661	0.1615481	0.1083588	1	
13	4	3	0	0	1	1	4.845215	46.38892	51.23413	0.9985931	0.1470625	78.00191	5.066237	3	23	26	0.889249	2.700168	257.6315	1755.167	0.7355828	0.05207628	0.4713403	0.04522529	1	
13	5	1	0	1	0	0	17.06165	40.08887	57.15051	5.258158	0.1070023	27.35767	2.468009	4	9	13	1.568895	2.103735	620.5179	1072.628	0.3903569	0.3715309	0.1608164	0.01811868	1	
13	5	2	0	1	0	0	23.81506	20.1333	43.94836	2.5913	0.1929021	29.45293	6.386448	6	5	11	1.544123	1.092454	678.8064	311.8519	0.705849	0.5169113	0.1029356	0.110586	1	
13	5	3	0	1	0	0	9.724854	218.3333	228.0581	0.9943064	0.05567335	93.65159	3.080299	3	41	44	1.081175	10.6745	270.5235	4815.448	0.8894808	0.02379036	0.3600838	0.0143099	6	
13	6	1	0	1	0	1	3.178467	37.43335	40.61182	6.417138	0.2680124	29.15978	3.019212	1	14	15	0.3245581	3.723959	89.38924	1922.051	0.9188191	0.2544401	0.8526534	0.008546079	1	
13	6	2	0	1	0	1	6.785889	8.900146	15.68604	1.351279	0.1567865	28.66197	12.16901	6	1	7	1.176975	0.7657815	386.1421	178.7019	0.5086847	0.4946357	0.2376613	0.1974385	1	
13	6	3	0	1	0	1	4.817139	308.2332	313.0503	0.9845046	0.2718175	134.4214	2.957922	3	166	169	0.9462526	28.9744	271.5395	15064.19	0.8360075	0.00666678	0.1943622	0.005470517	2	
13	7	1	0	1	1	0	8.866455	48.62207	57.48853	0.9825935	0.05700558	105.9465	7.051734	3	12	15	0.8327016	1.353094	140.8698	557.5526	0.9532172	0.2203742	0.7850013	0.1626606	1	
13	7	2	0	1	1	0	11.23413	27.77783	39.01196	4.840975	0.04071729	29.43513	1.520551	3	6	9	1.106738	2.065394	350.8887	596.9772	0.5947016	0.3278288	0.2661684	0.04245031	1	
13	7	3	0	1	1	0	12.36353	26.52222	38.88574	1.568198	0.07142133	28.91756	2.77129	5	6	11	1.224224	0.8496828	363.5342	309.7683	0.7350906	0.4090378	0.2165106	0.08958348	1	
13	8	1	0	1	1	1	2.331299	14.07788	16.40918	3.616566	0.3605354	29.50627	6.787229	1	6	7	0.5367848	1.290426	144.3819	533.4746	0.8394892	0.4308308	0.4935426	0.03236815	1	
13	8	2	0	1	1	1	3.959473	7.133301	11.09277	2.948445	0.3456915	29.3186	3.401537	3	1	4	0.5638584	0.8756567	213.9163	238.6389	0.7785491	0.3410373	0.3835007	0.08776464	1	
13	8	3	0	1	1	1	1.823975	9.844238	11.66821	0.9811206	0.09662873	106.5041	3.944776	1	6	7	0.6532033	0.8377332	129.5617	470.6446	0.875579	0.2431549	0.7384093	0.1360436	1	
14	1	1	0	0	0	0	1.006348	8.233154	9.239502	0.999921	0.9956197	65.77361	7.6077	0	2	2	0.5746165	0.6541104	97.90948	282.6757	0.9780387	0.406534	0.7971745	0.2220007	1	
14	1	2	0	0	0	0	2.134521	11	13.13452	2.630311	0.04841424	29.10699	8.299274	0	3	3	0.9217196	0.9630751	222.3422	324.0249	0.7038471	0.4790512	0.5309263	0.08270747	1	
14	1	3	0	0	0	0	5.694824	21.15576	26.85059	2.706955	0.04233831	29.83393	2.436087	2	4	6	1.071771	2.064792	301.8181	659.4314	0.8670057	0.3439843	0.4178838	0.04147853	5	
14	2	1	0	0	0	1	2.512451	7.177979	9.69043	0.9468994	0.1578585	56.9421	2.695692	0	1	1	1.025536	0.9800467	326.5876	395.1059	0.7239238	0.161037	0.280605	0.1367513	1	
14	2	2	0	0	0	1	1.846436	7.277832	9.124268	3.105443	0.09520927	28.93137	7.744131	0	2	2	0.7003489	0.7776919	225.5062	287.0963	0.8311747	0.7619578	0.5452763	0.06860694	1	
14	2	3	0	0	0	1	2.056641	4.211182	6.267822	0.9964823	0.2763734	42.89679	5.406983	0	1	1	0.8241408	0.4821392	236.7658	296.9686	0.8749062	0.2790354	0.4461668	0.1504081	1	
14	3	1	0	0	1	0	6.089844	5.333496	11.42334	1.423985	0.1344026	29.77223	10.65335	2	0	2	1.201052	0.7981143	325.6731	230.9922	0.8036327	0.4407623	0.3937836	0.1166268	1	
14	3	2	0	0	1	0	19.10864	10.55566	29.66431	2.747847	0.1871748	29.82956	4.180255	5	2	7	3.236597	1.308428	1127.449	525.3542	0.5668651	0.4618296	0.1207007	0.05754164	1	
14	3	3	0	0	1	0	1.838867	7.388916	9.227783	0.9995025	0.01442941	98.63691	3.81463	0	1	1	0.8679038	0.9984105	185.0573	318.0123	0.7924168	0.09235038	0.4657885	0.2900717	1	
14	4	1	0	0	1	1	3.739258	9.55542	13.29468	0.9733292	0.02255715	58.36309	1.99088	1	3	4	1.528602	1.572902	282.5113	653.3496	0.4060627	0.07660726	0.348219	0.08653852	1	
14	4	2	0	0	1	1	0.9807129	10.15576	11.13647	0.9943624	0.02149269	119.997	5.617354	0	2	2	0.5331262	0.9435318	87.58533	395.1909	0.9757873	0.1811355	0.7420945	0.300447	1	
14	4	3	0	0	1	1	4.555664	6.966553	11.52222	2.100393	0.02284773	29.92013	2.361692	1	1	2	1.135855	0.5917192	430.6084	238.8661	0.750972	0.6097587	0.3042336	0.1242514	1	
14	5	1	0	1	0	0	3.658447	12.08887	15.74731	0.9033955	0.3446558	52.79642	10.9153	1	3	4	0.6824948	0.7080247	114.7361	277.2923	0.9546726	0.3703467	0.857284	0.1863325	1	
14	5	2	0	1	0	0	8.823486	7.533203	16.35669	1.604321	0.2211246	28.88775	20.48246	4	1	5	1.188159	0.6796252	326.6999	248.8704	0.848555	0.5359977	0.2415359	0.130322	1	
14	5	3	0	1	0	0	10.20264	5.288818	15.49146	2.092098	0.4129702	28.32325	7.504457	2	1	3	1.675985	0.568774	596.6988	181.4921	0.7645287	0.7441579	0.1415451	0.09359904	1	
14	6	1	0	1	0	1	0.9951172	11.47778	12.4729	0.9860739	0.7673397	58.61991	7.183556	0	5	5	0.468215	1.195258	69.74445	409.8284	1.00071	0.1293018	0.8649701	0.1058771	1	
14	6	2	0	1	0	1	1.384033	10.27783	11.66187	0.987706	0.0303707	95.44287	2.799953	0	2	2	0.5706811	0.8635037	96.4673	287.5181	0.9375555	0.2028132	0.5329995	0.2890981	1	
14	6	3	0	1	0	1	5.470947	20	25.47095	0.9999639	0.1091321	48.36692	3.611822	3	8	11	1.27867	2.31975	344.7116	988.4479	0.7092041	0.08537368	0.2294513	0.03095125	2	
14	7	1	0	1	1	0	3.991943	15.76685	19.75879	0.9643484	0.04409024	40.70805	5.231827	1	4	5	1.033303	0.8929921	188.5503	290.6423	0.7022161	0.256972	0.4957518	0.1208496	1	
14	7	2	0	1	1	0	0.958252	17.19995	18.1582	0.9853263	0.08299549	110.0593	7.614493	0	5	5	0.5060491	1.18773	70.17237	490.9072	0.9801934	0.1740202	0.9156941	0.1526219	1	
14	7	3	0	1	1	0	18.60596	9.588867	28.19482	1.942698	0.09555256	29.89363	10.55601	5	2	7	2.476438	0.7374363	1070.045	186.7407	0.6402993	0.6519455	0.07325906	0.1192025	1	
14	8	1	0	1	1	1	4.824219	5.48877	10.31299	1.077626	0.02604822	28.81656	4.380168	2	1	3	0.9386589	0.8480683	188.1987	214.1923	0.8354626	0.1462646	0.4678247	0.09532744	1	
14	8	2	0	1	1	1	8.615479	11.9668	20.58228	0.9910942	0.06784786	66.04996	5.038033	3	2	5	1.869001	1.196543	643.8492	477.3749	0.5992283	0.1905495	0.1181047	0.09299162	1	
14	8	3	0	1	1	1	9.018311	7.43335	16.45166	1.7104	0.1136854	29.0285	2.174291	4	2	6	2.1498	1.003331	630.7849	347.9808	0.6279913	0.3061199	0.1227234	0.04661974	1	
15	1	1	0	0	0	0	5.473145	46.91113	52.38428	4.620925	0.04121531	29.46773	1.467108	2	7	9	0.6791288	1.914984	277.3698	622.1702	0.7546856	0.3995555	0.3895494	0.04804167	1	
15	1	2	0	0	0	0	8.854004	25.19971	34.05371	2.907473	0.01298414	29.71683	1.477209	3	5	8	0.9682591	1.358871	360.2951	433.748	0.6332447	0.4405396	0.369224	0.06576677	1	
15	1	3	0	0	0	0	19.68311	28.08887	47.77197	0.9844358	0.02239038	37.81974	2.962946	5	5	10	1.487662	1.256175	713.9033	665.0555	0.5364273	0.2027974	0.2308016	0.05838151	1	
15	2	1	0	0	0	1	1.956055	18.72217	20.67822	0.9769817	0.02071831	65.93907	1.281438	1	5	6	0.3959073	0.9263116	112.1157	518.8255	0.8889647	0.1587067	0.7507811	0.1263943	1	
15	2	2	0	0	0	1	3.246582	17.42188	20.66846	0.9872454	0.0147733	53.46978	0.9048147	2	5	7	0.5744413	1.039411	214.0511	602.2148	0.8112654	0.1781764	0.5158774	0.08749741	1	
15	2	3	0	0	0	1	2.070313	40.80029	42.87061	0.969501	0.01438478	109.5403	1.7592	1	20	21	0.4959305	3.128579	135.5518	1600.879	0.7202246	0.03504253	0.4984449	0.0678587	1	
15	3	1	0	0	1	0	4.162598	17.87793	22.04053	3.190058	0.02137735	29.93259	0.9039493	2	2	4	0.4533279	0.9372889	177.2958	317.0464	0.7666668	0.4753808	0.6372594	0.08890748	1	
15	3	2	0	0	1	0	10.3125	22.19971	32.51221	6.278712	0.02547216	29.83097	2.134691	4	5	9	0.6668211	1.182331	414.7492	400.3503	0.7787273	0.423299	0.2665023	0.0744518	1	
15	3	3	0	0	1	0	7.873535	26.57764	34.45117	2.664343	0.02764065	29.66226	3.790131	3	6	9	0.6268763	0.8582107	269.734	325.9064	0.7126199	0.5337365	0.5291829	0.08510317	1	
15	4	1	0	0	1	1	3.498535	29.6665	33.16504	3.718246	0.03973147	29.25752	2.611925	3	7	10	0.5461275	1.821659	325.4216	743.3022	0.7765687	0.2387407	0.435428	0.04129935	1	
15	4	2	0	0	1	1	7.957031	22.22217	30.1792	0.9973169	0.04058651	41.74688	4.996524	5	7	12	1.069354	1.104734	613.3257	634.3243	0.6800168	0.1961197	0.2033635	0.06808947	1	
15	4	3	0	0	1	1	1.890137	13.25586	15.146	5.92162	0.04749984	29.83831	2.535898	1	4	5	0.4519798	1.237118	170.1268	513.0273	0.8233781	0.4104489	0.7112938	0.0540222	1	
15	5	1	0	1	0	0	4.019531	15.77783	19.79736	2.034552	0.01868242	29.83187	0.7793354	1	2	3	0.4904799	0.8338745	157.2819	298.4684	0.8761227	0.3619824	0.5965209	0.09510362	1	
15	5	2	0	1	0	0	3.051758	25.43311	28.48486	1.500103	0.02195942	27.43013	0.4423469	1	4	5	0.4255084	1.443293	117.6458	525.9417	0.9119469	0.220446	0.6853263	0.04608224	1	
15	5	3	0	1	0	0	20.08984	18.98877	39.07861	1.021588	0.0719896	29.52774	5.393064	6	2	8	1.756536	0.9801215	1079.288	427.5098	0.5712693	0.2415107	0.07311357	0.07195342	1	
15	6	1	0	1	0	1	4.381836	20.11084	24.49268	0.9838971	0.03982893	71.47127	2.256264	2	3	5	0.6859716	1.078793	269.1094	497.5811	0.7987645	0.1863822	0.1996272	0.1246488	1	
15	6	2	0	1	0	1	9.861328	22.47754	32.33887	2.692968	0.04325352	28.97143	2.371944	5	3	8	1.523697	1.127596	692.7999	435.5096	0.5165328	0.4418683	0.09336186	0.06338883	1	
15	6	3	0	1	0	1	4.932617	23.52197	28.45459	4.262692	0.06412406	29.8895	1.92979	2	5	7	0.7445242	1.35392	276.526	466.7664	0.7753294	0.418262	0.2653066	0.06543389	1	
15	7	1	0	1	1	0	9.031738	39.93311	48.96484	1.566368	0.03587719	29.99948	4.822055	2	5	7	0.9233801	1.368082	357.8109	586.4509	0.6946712	0.2792586	0.2641472	0.06321175	1	
15	7	2	0	1	1	0	15.65723	34.72217	50.37939	1.698756	0.008288128	28.42293	2.020538	3	5	8	1.350443	1.189101	685.605	437.1743	0.6956248	0.3462386	0.1383917	0.08862311	1	
15	7	3	0	1	1	0	9.25293	81.93311	91.18604	0.9898536	0.02761469	122.6753	3.910294	3	15	18	0.79213	4.648018	246.0755	3421.72	0.8305712	0.04099748	0.4348495	0.02247825	1	
15	8	1	0	1	1	1	5.764648	19.73291	25.49756	1.641869	0.03198083	29.87321	1.715956	1	2	3	0.7878498	0.9354419	349.4836	456.5953	0.7672328	0.359806	0.2286752	0.06019506	1	
15	8	2	0	1	1	1	2.364258	43.95557	46.31982	3.267365	0.05447665	29.95091	2.797995	1	4	5	0.3893123	2.194646	163.2017	957.9158	0.833954	0.2342638	0.4838859	0.0307245	1	
15	8	3	0	1	1	1	13.25	24.55566	37.80566	4.010054	0.007681001	29.13467	1.079185	5	7	12	1.668202	1.276342	897.1761	505.6647	0.7372932	0.5173091	0.08591005	0.04724751	1	
16	1	1	0	0	0	0	11.86279	30.22217	42.08496	0.9850085	0.1577121	36.46964	1.501906	2	3	5	1.150959	1.081628	396.5898	423.6038	0.7445964	0.3333594	0.3462412	0.08269662	1	
16	1	2	0	0	0	0	6.148438	41.1333	47.28174	3.621542	0.1444309	29.86769	8.418204	1	5	6	0.7770827	2.519158	211.1	857.8403	0.8364192	0.3708377	0.5985353	0.04277528	1	
16	1	3	0	0	0	0	9.844238	106.1113	115.9556	0.995003	0.1761353	89.46027	7.753027	2	15	17	1.187415	5.550647	287.2362	3106.628	0.8217623	0.06893654	0.5708412	0.02870066	1	
16	2	1	0	0	0	1	8.427734	12.6001	21.02783	0.917109	0.3511387	50.60035	1.907352	2	1	3	1.252262	0.8056387	378.5993	374.7903	0.6902676	0.3413134	0.2443111	0.1286641	1	
16	2	2	0	0	0	1	6.594727	83.15527	89.75	0.991723	0.3128219	87.91732	3.025946	3	17	20	0.9957066	6.396001	270.7967	4038.966	0.7643	0.05724254	0.3308295	0.02208449	1	
16	2	3	0	0	0	1	9.006348	50.9668	59.97314	0.9974319	0.04962199	49.88242	1.475619	4	18	22	1.444222	4.072503	374.2332	2164.031	0.6319623	0.0585657	0.3838621	0.02248178	1	
16	3	1	0	0	1	0	6.601074	43.06689	49.66797	0.9987486	0.09158061	88.47247	1.449395	2	9	11	0.8849785	1.505948	200.5635	763.9233	0.8558519	0.2206794	0.729277	0.1153822	1	
16	3	2	0	0	1	0	6.019531	31.61133	37.63086	0.9987335	0.01883784	109.4174	1.835411	2	4	6	0.5248814	1.053324	144.1877	528.0573	0.9378482	0.306754	0.7653629	0.2049152	1	
16	3	3	0	0	1	0	3.42041	57.14453	60.56494	0.9610329	0.01293092	81.12305	1.135725	1	6	7	0.5968785	2.028745	147.3569	971.0734	0.8935285	0.1037058	0.7288858	0.08377851	1	
16	4	1	0	0	1	1	5.327637	38.27783	43.60547	0.9939966	0.01967468	35.70768	1.078459	2	5	7	0.9330224	1.316635	197.0534	424.0352	0.7892632	0.2719279	0.5379809	0.08271737	1	
16	4	2	0	0	1	1	5.348633	28.1665	33.51514	0.9909987	0.04688139	62.86693	1.143965	1	3	4	1.146353	1.099652	327.6685	369.895	0.574288	0.3243294	0.2511085	0.1684648	1	
16	4	3	0	0	1	1	4.768555	43.65527	48.42383	0.998775	0.06675039	84.6208	1.772498	2	8	10	0.6787897	3.032099	184.2818	1804.953	0.8939731	0.08530787	0.6703073	0.04742458	1	
16	5	1	0	1	0	0	6.812988	66.57764	73.39063	0.9482391	0.07050408	131.1888	3.669661	2	17	19	0.8136694	3.174722	208.3618	1864.528	0.8123174	0.07621157	0.5132084	0.0503712	1	
16	5	2	0	1	0	0	8.311035	13.31104	21.62207	0.9843698	0.3134562	78.38056	4.068456	2	1	3	0.9740971	0.5216453	227.2316	152.7704	0.6915058	0.6874069	0.1982715	0.6439381	1	
16	5	3	0	1	0	0	11.12988	54.04443	65.17432	0.9955211	0.1073816	117.8137	6.645914	3	8	11	1.175786	2.22471	343.1681	1032.18	0.7736443	0.1602175	0.2349139	0.09675983	1	
16	6	1	0	1	0	1	4.709961	17.95557	22.66553	0.9846191	0.1938704	97.05989	6.04193	2	3	5	0.8412367	1.058182	210.0009	460.1674	0.8948641	0.4061072	0.4890308	0.2066212	1	
16	6	2	0	1	0	1	5.867676	32.85547	38.72314	0.997879	0.2445572	129.076	15.51312	3	8	11	0.9313918	1.964403	229.8529	1151.917	0.7699286	0.1737025	0.4515577	0.07953354	1	
16	6	3	0	1	0	1	3.767578	79.27783	83.04541	0.9917965	0.867883	128.0029	10.32525	2	44	46	0.8582489	5.28486	184.45	3607.412	0.8609934	0.03010449	0.4653815	0.02052079	1	
16	7	1	0	1	1	0	10.40283	17.04443	27.44727	0.991172	0.3385268	52.27039	3.085631	2	2	4	1.10715	0.6680163	258.3812	233.8754	0.7013965	0.6406766	0.2570536	0.2362103	1	
16	7	2	0	1	1	0	11.84863	18.41064	30.25928	0.9833481	0.2484832	103.2533	4.654681	2	1	3	1.01292	0.8880115	301.281	391.397	0.8283936	0.3417244	0.2219091	0.2774185	1	
16	7	3	0	1	1	0	5.343262	48.8667	54.20996	0.9987633	0.02722123	109.9538	2.889924	1	5	6	0.8453966	3.020163	243.7551	1666.78	0.8405058	0.07155935	0.3507777	0.04672884	1	
16	8	1	0	1	1	1	2.291992	63.78906	66.08105	5.04041	0.02251915	29.11531	2.50734	0	13	13	0.7607943	4.490174	165.9263	2222.363	0.9044582	0.225542	0.4478731	0.008741364	1	
16	8	2	0	1	1	1	5.726563	67.5	73.22656	0.9999097	0.0521431	149.8659	3.81463	1	9	10	1.310933	3.898931	394.9447	1878.361	0.457536	0.05062185	0.2237644	0.0620033	1	
16	8	3	0	1	1	1	9.454102	30.17773	39.63184	0.9768051	0.01312923	74.5371	0.8784806	3	4	7	1.470917	1.19741	407.1212	573.3868	0.6895159	0.2654195	0.2599446	0.1132044	1	
